1591756086	1702510441375	4	30	210	0.965	0.707	0.258	2	0.965	0.707	0.2589	27.02	7.3528	2.064	8	208.6	41.587	4.274	212.747	212.747	
1591756093	1702510631988	4	30	210	0.9659	0.7071	0.2588		0.9577	0.6533	0.2025	25.1134	7.35	1.55							
1591756133	1702040346326	4	30	210	0.9659	0.7071	0.2588	2	0.9659	0.7071	0.2588	115.91									1 br yükseklik için 5xI , NiA=NiC=-5I NiB=10I , sargı uzanımı 7 olduğundan A1 1. olukta ise -A1 8. olukta oluyor.
1591756196	1602040443082	4	30	210	0,9659	0,7071	0,2588	2	0,9671	0,7072	0,5178	36,694	10,749	1,553	8	283,894	60,813	6,433	290,405	491,845	
1591756202	1502510169977	4	30	210	0,9659	0,7071	0,2588	2	0,9659	0,7071	0,2588	30,91	7,35	1,5	8	238,77	41,58	3,11	242,38	242,38	
1591756227	1602040281783	4	30	210	0.9659	0.7071	0.2588	2	0.9659	0.7071	0.2588	36.704	7.919	1.553	8	283.619	44.796	3.215	287.152	491.274	
1591756248	1702040557118	4	30	210	0,966	0,707	0,259	2	0,966	0,707	0,259	27,048	9,0496	1,554	8	209,03	51,18	3,22	215,20	215,20	
1591756285	1702040185471	4	30	210	0.9659	0.7071	0.2588	6	0.6439	0.2358	0.1727	21.25	7.92	1.04	8	109.463	164.343	1.436	196.632	109.47	
1591756340	1302040279399	4	15	105	0,7933	0,3826	0,9914	2	0,9914	0,9238	0,7933	23,79	3,36	5,94	8	188,68	24,83	37,69	194	194	
1591756397	1502511091339	4	30	210	0.965	0.707	0.258		0.965	0.707	0.258	27.02	6.2216	1.548	8	208.59	35.18	3.19	211.56	361.33	
1591756413	0802510099737	4	30	210	0.9659	0.7071	0.2588	4	0.8364	0	0.2241	25.1134	7.3538	1.0352	8	168.0361	0	1.8559	168.046	168.046	n=10 NiA=5İ  NİB=-10İ NİC=5İ
1591756446	7836	4	30	210	0.9659	0.7071	0.2588	2	0.9659	0.7071	0.258819										
1591756454	1702040039697	4	30	210	0.9660	0.7071	0.2588	2	0.9659	0.7071	0.2588	36.708	10.18	1.55	8	283.65	57.58	3.21	289.45	289.45	
1591756456	1702040019081	4	30	210	0.9659	0.7071	0.2588	2	0.9652	0.7072	0.2588	27.05	8.49	1.55	8	208.9	48	3.20	214.4	214.4	
1591756494	1702040237966		15	105	0.79	0.38	0.99	2	0.96	0.92	0.79	25.28	5.168	5.94		242.68	47.545	46.926	251.70	428.12	
1591756541	1702040192321	4	30	210																	
1591756543	1302510955914	4																			IA=-5I, IB=-5I,  IC=I
1591756560	1702510106815	4	30	210	0.9659	0.7071	0.2588	2	0.9659	0.7071	0.2588	21.25	9.17	1.15	8	164.203	51.872	2.380	172.217	172.217	
1591756593	1702510648377	4	30	210	0.965	0.707	0.258	2	0.965	0.707	0.258	23.16	9.61	2.064	8	178.79	54.35	4.26	186.91	186.91	Stator üçgen bağlı olduğu için fazlararası rms gerilim de aynıdır 
1591756628	1502511027474	4	30	210	0.96	0.71	0.26		0.96	0.71	0.26	23.4	9.66	1.56	8	179.71	54.87	3.24	187.93	187.93	
1591756688	1702510158680	2	15	105	0,48	1,45	4														
1591756697	1702510629803	4	30	210	0.9659	0.7071	0.2588	2	0.9659	0.7071	0.2588	36.70	9.05	1.55	8	283.58	51.19	3.21	288.18	491.20	
1591756703	1702510106815	4	30	210	0.9659	0.7071	0.2588	2	0.9659	0.7071	0.2588	21.25	9.17	1.15	8	164.203	51.872	2.380	172.217	172.217	
1591756729	1702510539014	4	30	210	0.9659	0.7071	0.2588	2	0.9689	0.7072	0.2588	28.977	10.7479	1.5528	8	224.606	60.80	3.21	232.71	232.71	
1591756733	1702510611946	4	30	210	0.9659	0.7071	0.2588	2	0.9659	0.7071	0.2588	25.63	10.74	2.07	8	198.048	60.75	4.28	207.20	207.20	
1591756748	1702510088625	4	30	7	0.9659	0.25	0.7071	2	1	0.35	0.45	30.72	6.72	2	8	245	18	-7.2	2789	yok	üçgen oldugu için son sorunun cevabı yok
1591756754	1602041003098	4	30	210	0.966	0.707	0.259	2	0.966	0.707	0.259	32.85	9.62	1.554	8	253.86	54.4	3.2	259.64	259.64	
1591756756	1702040356060	4	30	210	0,9659	0,7071	0														
1591756785	1702510729090	4	30	210	0,9659	0,7071	0,2588	2	0,9659	0,7071	0,2588	25,1134	7,3538	1,0352	8	194,029	41,59	2,1432	198,41	343,65	
1591756826	1502511027474	4	30	210	0.96	0.71	0.26	2	0.96	0.71	0.26	23.4	9.66	1.56	8	179.71	54.87	3.24	187.93	187.93	
1591756832	1702040274588	4	30	210	0.9659	0.7071	0.2588	2	0.9659	0.7071	0.2588	21.25	9.05	1.55	8	164.2	51.19	3.209	172	172	
1591756898	1702510717002	4	30	210	0.965	0.707	0.258	2	0.980	0.707	0.259	36.67	6.78	1.548	10	287.49	38.34	3.20	290		
1591756926	1702040992650	4	30	210	0.9659	0.7071	0.2588	2	0.9659	0.7071	0.2588	23.18	9.62	2.07	8	179.12	52.42	4.29	186.68	186.68	Sargı uzanımı=7,NiB=10I,NiA=NiC=-5I
1591756928	1602510068615	4	30	210	0,9659	0,7071	0,2588	2	0,966	0,707	0,259	25,11	7,35	2,07	2	48,51	10,39	1,07	49,62	49,62	
1591756948	1402040471294	2	15	105	0.79335	0.38268	-0.99144	2	0.9914458	0.9238795	0.793353	25.3872	39.79872	-5.9288112	4	100.680	147.076886	-18.81456	179.226	179.226	
1591756978	1702510138479	4	30	210	0,9397	0,5	0,1736	2	0,9659	0,7071	0,2588	22,552	7,6	1,0416	8	174,26	42,99	2,15	179,97	179,97	
1591756990	1702040356060	4	30	210	0,9659	0,7071	0,2588		0,9659	0,7071	0,2588	28,977	9,051	1,5528	8	223,9	51,2	3,215	397,87	3,25	hocam gerçek 1.sorum bu , bundan önce doldurmadan enter'a bastığımdan gitti yanlışlıkla...
1591757084	1602510445897	4	30	210	0.966	0.707	0.259	2	0.966	0.707	0.259	21.252	6.222	1.036	8	164.235	35.192	2.147	167.95	167.95	
1591757118	1702510158680	2	15	105	0,48	1,45	4,58					14,4	19,72	18,32	8	52,3	228,75	671,24	1166,15	316,53	Ia=0,5 Ib=-1 Ic=0,5  NIa=5  NIb=-10   NIc=5
1591757124	1602510573982	4	30	210	0.9659	0.7071	0.2588	2	0.9659	0.7071	0.2588	25.113	6.788	2.0224	8	194.05	38.39	4.09	201.543	336.179	
1591757134	 1702040589777	4	30	210	0.9659	0.7071	0.2588	2	0.9659	0.7072	0.2589	36.7042	10.7479	1.5528	8	283.62	60.80	3.216	290.081	491.26	
1591757173	1702510179560	4	30	240	0.866	0	-0.866	2	0.966	0.707	0.259	29.44	0	-3.464	8	227.5	0	-7.177	227.51	227.51	
1591757180	1502041051828	4	30	210	0.9659	0.7071	0.2588	2	0.9659	0.7071	0.2588	36.7	9.05	1.04	8	283.324	51.194	2.153	287.92	287.92	
1591757197	1702510688370	4	30	210	0.9659	0.7071	0.2588	2	0.9659	0.7071	0.2588	21.2498	7.9195	1.0352	8	164.2	44.8	2.15	170.215	164.21	
1591757205	1402510481865	2	15	105	0.7933	0.3826	0.9914	1	0.9659	0.7071	0.2588	20.6258	4.5835	7.9312	8	159.37	25.92	16.42	1100.83	428.98	
1591757216	1602510903721	4	30	210	0.9659	0.7071	0.2588	2	0.9659	0.7071	0.2588	34.7724	7.3538	1.5528	8	268.69	41.599	3.215	271.910	465.418	
1591757221	1702510218196	4	30	210	0.9659	0.7071	0.2588	2	0.9659	0.7071	0.2588	3647	2828	1149	8	28181	15997	2379	32492	32492	Sorunun en başında kutup sayısını 2 almak yerine 4 aldığım için ku1 ku3 ku5 değerlerimde hata olmuş. Hiçbirini düzeltmeden kağıdımda olduğu gibi gönderdim. Saygılarımla.
1591757273	1702510424087	4	30	420	0.5	1	0.5	2	0.96	0.71	0.26	16	15.2	0.26	8	122.88	86.34	4.16	150.24	212.96	
1591757290	1502040115404	4	30	210	0.96	0.7	0.25	2	0.9659	0.7071	0.2588	27.0452	8.4852	2.0704	8	208.9836	47.99	4.2865	214.4455	214.4455	
1591757359	1702040155291	4	30	210	0.965	0.707	0.258	2	0.967	0.709	0.259	34.74	8.48	1.032	8	268.7	48.0	2.138	273	273	Üçgen bağlı olduğu için fazlar arası gerilim ile etkin gerilim birbirine eşittir.
1591757423	1402511001848	4	30	210	0,9659	0,7071	0,2588		0,9659	0,707	0,2588	21,24	10,182	1,5528	8	164,125	57,5575	3,2149	173,96	173,96	
1591757448	1502511041431	4	30	210	0,9659	-0,7071	0,2588	2	0,9660	0,7071	0,2588	32,84	-9,62	1,55	8	253,76	54,42	3,21	260	439,6	
1591757466	1502041023631	4	15	120	0.8660	0	-0.8660	4	0.9916	0.9240	0.7934	22.516	0	-3.464	8	178.615	0	-22	180	180	
1591757505	1702510759521	4	30	210	0,9659	0,7071	0,2588	2													
1591757583	1602040376270	4	30	210	0.961	0.707	0.258	2	0.9659	0.7071	0.2588	23.1816	7.91952	1.5528					24.49	40.095	
1591757585	1702040103394	4	30	210	0.9659	0.7071	0.2588	2	0.965	0.707	0.259	32.84	10.18	1.55	8	253.52	57.58	3.21	260	260	
1591757624	1602040531955	4	30	210	0.9659	0.7071	0.2588	2	0.9659	0.7071	0.2588	25.11	10.74	1.55	8	194.03	60.75	3.21	203	203	Fazlar etkin gerilimim "ÜÇGEN" bağlantı olduğu için tek faz etkin gerilimi ile eşittir.
1591757641	1702040569313	4	30	210	0.966	0.7071	0.2588	2	0.966	0.7071	0.2588	34.766 	9.616 	1.035	8	268.72 	54.396 	2.144 	274.179	274.179	
1591757666	1602510233568	4	30	210	0.9659	0.7071	0.2588	2	0.9659	0.7071	0.2588	25.11	6.22	1.04	8	194.03	35.19	2.15	1972.1	1972.1	
1591757681	1602510912254	4	30	210	0.966	0.707	0.259	2	0.965	0.707	0.259	23.184	10.181	1.036	8	178.98	57.584	2.147	188.028	188.028	
1591757687	1702040496049	4	30	210	0.9659	0.7071	0.2588	2	0.9659	0.7071	0.2588	21.25	6.79	1.55	8	164.2	38.4	3.2	168.66	168.66	
1591757701	1502040765360	4	30	210	0.9659	0.7071	0.2588	2	0.9659	0.7071	0.2588	27.0452	9.0508	2.0407	8	208.9836	51.1985	4.2865	215.2064	215.2064	
1591757729	1702040084994	4	60	300	0,5	1	0,5	2	0,866025403	0	0,866025403	27,7128129	0	3,464101612	8	191,9999997	0	23,99999996	193,4941856	193,5	
1591757760	1702040653427	4	30	210	0.9659	0.7071	0.2588	2	0.9659	0.7071	0.2588	34.77	10.18	1.55	8	268.67	57.58	3.209	274.790	268.69	
1591757803	1402511012284	4	30	210	0.9659	0.7071	0.2588	2	0.9659	0.7071	0.2588	23.18	10.17	2.07	8	179.13	57.5	4.3	188	188	
1591757840	1402510123562	4	30	210	0.9659	0.071	0.2588	2	0.9659	0.7071	0.2588	30.91	8.49	2.07	4	119.42	24.01	2.14	121.8		
1591757879	1702510705321	4	30	210	0.9659	0.707	0.2588	2	0.9659	0.707	0.2588	21.2498	6.22	1.5520	8	164.20	35.18	3.2149	167.957	167.95	
1591757956	1402511012284	4	30	210	0.9659	0.7071	0.2588	2	0.9659	0.7071	0.2588	23.18	10.17	2.07	8	179.13	57.5	4.3	188	188	
1591757962	1702040801336																				Ia=-1 Ib=0.5  Ic=0.5 n=10 
1591758056	1602510497668	4	30	210	0.9659	0.7071	0.2588	8	0.9659	0.7071	0.2588	32.84	9.05	1.04	8	253.76	51.19	2.15			
1591758064	1702040317962	4	30	210	0.9659	0.7071	0.2588	2	0.9803	0.7092	0.2590	36.70	6.788	1.03	8	287.72	38.51	2.134	290.29	290.29	
1591758100	3058	4	30	210	0.9659	0.7071	0.2588	2	0.9659	0.7071	0.2588	28.977	9.050	1.552	8	223.911	51.194	3.213	229.71	229.71	
1591758108	1602510639163	4	30																		
1591758112	1702510541130		300						0.9577	0.6533	0.2053	68	28.8	16		520	150	26	541		
1591758147	1502510356516	4	30	210	0.965	-0.707	0.258	3													
1591758218	1702510759521	4	30	210	0.9659	0.7071	0.2588	2													
1591758238	1502510716563	2	15	105	0.7933	0.3826	0.9914	1	0.9659	0.7071	0.2588	21.799	4.897	5.928	8	214.8	33.5	12.2	217	215	Değerleri hesap makinesiyle tek tek hesapladım. Şekli çizdim ve ona göre işlemlerimi yaptım. Hatam olduğunu düşünmüyorum lütfen puanlama yapmadan gözden geçirin hocam istediğiniz değerlere göre hesaplarımı yaptım.
1591758268	1502040362376	4	30	210	0.9659	0.7071	0.2588	2	0.9659	0.7071	0.2588	23.1816	9.61656	15.528	8	179.128	54.398	32.149	189.946	189.946	üçgen bağlı olduğu için bütün harmmonikler tekfaz etkin gerilimi ile fazlar arası etkin gerilimi eşittir.
1591758303	1702040261901	2	15	140	0,9659	0,7071	0,2588		0,9577	0,6533	0,2053	32,8406	6,7867	1,5522	8	251,6115	35,4700	2,5493	254,1121	254,1121	
1591758309	1702040229798	4	30	210	0.9659	0.707	0.259	2	0.991	0.924	0.794	25.113	10.746	2.072	8	199.1	79.43	13.16	214.76	214.76	
1591758321	1602510208964	4	30	210	0.965	0.71			0.965			32.81				253.3					
1591758340	1702510741554	4	30	210	0.9659	0.707	0.2588	2	0.9652	0.707	0.2588	21.25	9.05	1.5528	8	164.1	51.19	3.215	171.8	171.8	
1591758407	1602510639163	4	30	240	0,866	0	0,866	2	0,966	0,707	0,259	26,444	0	6.928	8	204,36	0	14,355	204,86	204,86	Sondaki değerde E3=0 olduğundan ikisi aynı çıktı.
1591758442	1702510803259	4	30	210	0.9659	0.7071	0.2588	2	0.9659	0.7071	0.2588	19.32	7.35	1.04	8	149.29	41.58	2.15	154.99	154.99	
1591758457	1702510554498	2	15																		
1591758488	1702040123157	4	30	210	0,9659	0,7071	0,2588	2	0,9659	0,7071	0,2588	21,25	10,18	1,55	8	164,20	57,6	3,215	174	910	
1591758625	1602040677721	4	30	210	0.9659	0.7071	0.2588	7	0.9659	0.7071	0.2588	27.04	8.48	2.0704	8	208.943	47.96	4.2865	214.419	361.976	
1591758656	1702040644931	4	30	210	0.96	0.70	0.25	2	1	0.71	0.26	22	7.84	1.45	8	176	44.5	3.016	205	205	DELTA bağlı olduğu için fazlar arası etkin gerilim tek faz etkin gerilimine eşit olur.(205V)
1591758676	1702040049116	4	30	210	0,965	0,707	0,258	2	0,9659	0,7071	0,2588	27,0452	9,05088	1,5528	8	208,98	51,19	3,214	215,085	372,664	
1591758712	1702040468211	4	30	210	0,965	0,707	0,258	2	0,9659	0,7071	0,2588	21,2498	6,79	1,55	8	164,20	38,40	3,20	168,66	292	
1591758714	1702040251494																				
1591758747	1402040715067																				Hocam benim sorum farklı bundan
1591758785	1402040715067																				Hocam benim sorum farklı bundan
1591758792	1702510781105	2	15	105	0.130	0.258	0.608	2	0.991	0.923	0.793	3.9	0.804	2.432	4	1.56	2.968	7.714	8.411	8.411	
1591758800	1702040963929	4	30	7	0.9659	0.7071	0.2588	2	0.9659	0.7071	0.2588	25.11	9.05	2.07	8	194.03	51.19	4.29	200.714	200.714	
1591758876	1702510059203	4	30	210	0,9659	0,7071	0,2588	2	0,9659	0,7071	0,2588	34,77	6,222	1,5528	8	268,67	35,1966	3,21		271	
1591758905	170204077-4172																				Hocam sınav esnasında 1. soruyu tam yapmadığımdan pdf olarak göndermemiştim. Karşılaştıracağınız için o değerleri girmedim
1591758982	1702510692197	4	30	210	0.9659	0.7071	0.2588	2	0.2588	0.7071	0.9659	34.77	7.91	1.55	8	71.98	44.74	3.20	84.81	124.79	
1591758994	1702510308748	4	30	210	0.9659	0.7071	0.2588		0.9659	0.7071	0.2588	36.684	10.74	1.547	8	283.46	60.75	3.202	289.91	283.47	
1591759072	1702040692396	4	30	210	0.9659	0.7071	0.2588	2	0.9659	0.7071	0.2588	34.7724	8.4852	2.0704	8	268.693	47.99	4.2865	272.979	272.979	
1591759167	1702510574155	4	30	210	0,9659	0,7071	0,2588	2	0,9656	0,7071	0,2588	23,1816	7,91952	1,0352	8	179,073	44,799	2,14327	184,60	184,60	Stator üçgen bağlı olduğu için son iki veri aynıdır.
1591759183	1502040729028	4	30	210	0.9659	0.7071	0.2588	2	0.9659	0.7071	0.2588	27.04	6.36	1.55		208.94	35.97	3.20	212.03	212.03	Kutup sayısı  şekilde  2 periyot çıktığı için 2çift kutuplu yani 4 kutupludur. Üçgen bağlı olduğu için fazlar arası gerilim ile tek faz etkin gerilim aynıdır.
1591759188	1702040077413	4	30	210	0.966	0.707	0.2588	2	0.967	0.7072	0.259	28.98	10.180	1.036	8	224.18	57.59	2.14	231.46	231.46	
1591759205	1702510367836	4	30	210	0.9659	0.7071	0.2588	2	0.9659	0.7071	0.2588										
1591759276	1702510944990 																				
1591759289	1702510674365	4	30	210	0,9659	0,7071	0,2588	2	0,9660	0,7071	0,2588	23,18	10,17	2,07	8	179,13	57,5	4,3	188	188	
1591759297	1702040534081	4	30	210	0.9659	0.7071	0.2588	2	0.9777	0.7071	0.2587	32.8304	7.912	1.035	8	256.60	44.76	2.142	260.48	260.48	
1591759445	1702040505068	4	30	210	0.9659	0.7071	0.2588	2	0.9659	0.7071	0.2588	27.0452	7.35384	4.0704	8	208.98	41.6	8.4273			MEVLÜT KADİR YILDIRIM
1591759506	1702040722813	4	30	240	0.8660	0	0.8660	2	0.9659	0.7071	0.2588	19.052	0	3.464	8	147.219	0	7.171	147.394	147.394	
1591759515	1602040277997	4	15	120	0.8660	0	-0.8660	4	0.9916	0.9240	0.7934	22.516	0	-3.464	8	178.615	0	-22	180	180	
1591759553	1702040826673	4	30	270	0.7071	0.7071	0.7071	2	0.9659	0.7071	0.2588	25.4556	9.05088	4.2426	8	196.7005123	51.19901798	8.78387904	203.4443106	203.4443106	
1591759566	1702510774950	4	30	210	0.9659	0.7071	0.2588	2	0.9659	0.7071	0.2588	28.977	7.91	1,49	8	223.9	44.7	3.08	228.33	387.84	
1591759584	1702510095176	4	30	210	0.9659	0.7071	0.2588	2	0.9659	0.7071	0.2588	21.25	7.92	1.553	8	164.2	44.80	3.215	170.21	170.21	
1591759619	1602510362130	4	30	150	0.966	0.707	0.258	2	0.966	0.707	0.258	36.708	7.9184	2.064	8	283.6	44.8	4.26	287.1	287.1	
1591759644	1602510159613	10	30																		
1591759916	1702040749586	4	30	210	0.9659	0.7071	0.2588	2	0.9659	0.7071	0.2588	29	9.051	1.035	8	224.1	51.2	2.14	229.8	229.8	
1591759928	1602510556818	6	0	7	0	0	0	0	0	0	0	0	0	0	0	0	0	0	0	0	
1591760219	1702040246492	4	30	210	0,9659	0,7071	0,2588	2	0,9659	0,7071	0,2588	27,0452	6,22248	2,0704	8	208,9837	35,1993	5,5984	211,9958	211,9958	
1591760228	1702040291911	4	30	210	0.9659	0.7071	0.2588	2	0.9777	0.7071	0.2587	30.89	10.74	1.03	8	241.43	60.75	2.13	248.96	248.96	
1591760241	1702040525355	4	30	150	0.9659	0.7071	0.2588	2	0.9659	0.7071	0.2588	115.9	45.25	12.42	8	895.6	256	25.7	932	932	
1591760252	1702040703932	4	30	210	0,9659	0,7071	0,2588	2	0,9659	0,7071	0,2588	21,24	7,35	1,04	8	164,13	41,58	2,15	169,35	169,35	
1591760385	1702510269032	4	30	210	0.965	0.707	0.258	2	0.965	0.707	0.258	36.67	10.18	1.032	8	283.09	57.57	2.13	288.89		
1591760392	1702510602911	4	30	210	0.965	0.707	0.258	2	0.965	0.707	0.258	23.16	9.61	2.06	8	178.7	54.3	4.26	186		
1591760409	160251021-9516																				1.soru için sadece çizimi yetiştirebildim kalan kısmına sürem yetmediği için değerler boş haldedir.
1591760491	1702510574155	4	30	210	0.9659	0.7071	0.2588	2	0.9656	0.7071	0.2588	23.1816	7.91952	1.0352	8	179.073	44.799	2.14327	184.60	184.60	Stator üçgen bağlı olduğu için son iki veri aynıdır.  (ONDALIK OLARAK NOKTA ISTENİLDİĞİ İÇİN TEKRAR GİRİLDİ.)
1591760501	1702040414346	7	30	210	0,966	0,707	0,258	2	-0,258	0,707	-0,967	32,844	6,759	1,548	8	-67,79	38,229	-11,975			
1591760544	1702510529091											211,037	226,587	166,608		211,037	226,587	166,608			
1591760673	1702040505068	4	30	210	0.9659	0.7071	0.2588	2	0.9659	0.7071	0.2588	27.0452	7.35384	4.0704	8	208.98	41.6	8.4273			
1591760922	4595	4	30	210	0.9659	0.7071	0.2588	2	0.9659	0.7071	0.2588	25.1134	7.91952	1.5528	8	194.0562645	44.79914074	3.21491712	199.1861755	198.0828933	
1591761135	1702040753210	4	25,71	5	0,900	-0,22	-0,624	2	0,905	0,734	0,418	1,2	0,7199	0,20	8	2,172	1,055	0,167	2,33	5	
1591761277	1702510325670	4	30	210	0,9659	0,7071	0,2588	2	0,9659	0,7071	0,2588	27,045	8,485	1,553	8	208,98	47,998	3,215	214,45		
1591761327	1702040468211	4	30	210	0.965	0.707	0.258	2	0.9659	0.7071	0.2588	21.2498	6.79	1.55	8	164.20	38.40	3.20	168.66	292	
1591761338	1702040402072	4	30	210	1.6	0.7	0.3	3	32V	14V	6V				12						
1591761340	1702510128561	4	30	7	0.9659	0.7071	0.2588	2	0.9659	0.7071	0.2588										
1591761359	1602041016503	4	30	210	0.966	0.71	0.259	2	0.966	0.71	0.259	28.98	13.91	103.6	8	223.96	79.01	214.66	320.12	320.12	
1591761376	1702510015202	4	30	210	0.965	0.707	0.258	2													
1591761380	1702040306465	2	15	105	0.793	0.383	0.991	2	1.916	1.306	0.4107	25.376	4.9024	3.964	8	185.95	51.22	13.02	6.11	321.1	
1591761411	1602040434992	4	30	210	0.9659	0.7071	0.2588	2	0.9659	0.7071	0.2588	23.18	6.79	1.55	10	179.1	38.4	3.2	183	183	
1591761472	1702510354108	4	30	210	0,9659	0,7071	0,2588	2	0,9659	0,7071	0,2588	23,1816	9,61	1,5528	8	179,13	54,36	3,21	187,22	187,22	
1591761683	150251077	2	15	105	0.6427	0.866	-0.342	2													
1591761801	1602510454968	4	30	210	0,9659	0,7071	0,2588	2	0,9659	0,7071	0,2588	28,98	9,05	2,07	8	224	51,2	4,3	229,8	388	
1591761851	1602510646769	4	30	7	0.9859	0.7071	0.2588	2	0.9659	0.7071	0.2588	34.772	8.485	1.553	8	268.7	47.9	3.215	272.972		
1591761859	1702040155291	4	30	210	0.965	0.707	0.258	2	0.967	0.709	0.259	34.74	8.48	1.032	8	268.7	48.0	2.138	273	273	Üçgen bağlı olduğu için fazlar arası gerilim ile etkn gerilim birbirine eşittir.
1591761870	1702040099882	2	15	105		0.38	1						7.6	20							
1591761934	1702040173051	4	30	210	0,9659258263	0,7071067812	0,2588190451	2	0,9659258263	0,7071067812	0,2588190451	29,36414512	8,598418459	0,8282209443	8	226,9086891	48,64	1,714874831	232,070	232,070	
1591761946	1702510349396	4	30	7	0.9659	0.7071	0.258		0.9659	0.7071	0.2588	25.1134	7.91952	1.5528	8	194.0562645	44.7991	3.2149	199.186	198.0828	
1591762128	1702040049116	4	30	210	0.965	0.707	0.258	2	0.9659	0.7071	0.2588	27.0452	9.05088	1.5528	8	208.98	51.19	3.214	215.085	372.664	
1591762341	1702040541236	4	30	210	0,9659	0,7071	0,2588	2	0,9659	0,7071	0,2588	30,9	9,6165	1,501	8	238,77	54,39	3,107	244,83	244,83	
1591762522	1702040541236	4	30	210	0,9659	0,7071	0,2588	2	0,9659	0,7071	0,2588	30,9	9,6165	1,501	8	238,77	54,39	3,107	244,83	244,83	
1591762524	1602510113503	180	60	-60	0.79			105								2100					
1591762648	1702040541236	4	30	210	0.9659	0.7071	0.2588	2	0.9659	0.7071	0.2588	30.9	9.6165	1.501	8	238.77	54.39	3.107	244.83	244.83	
1591762834	1602510925497	4	30	210	0,96	0,94	0,52	2	0,9659	0,7071	0,252	25,11	9,61	1,5	8	193	54,3	3	200,5	289,17	
1591763161	1602040468886	2	30	210	0.9705	0.7451	0.3466	5	0.9659	0.7071	0.2588	21.351	10.133	2.0796	3	165.769164	60.4007864	5.76631488	176.5241	287.2780	
1591763296	1702510354108	4	30	210	0.9659	0.7071	0.2588	2	0.9659	0.7071	0.2588	23.1816	9.61	1.5528	8	179.13	54.36	3.21	187.22	187.22	
1591763576	1702040139664	4	30									155.50	199.59	166.6							
1591763790	1702040444524	4	30	210	0,9659	-0,7071	0,2588	2													Devamını süre yetmediği için yapamadım hocam.
1591764206	1702510488951	4	30	7	0.9659	-0.7071	0.2588	2	0.9659	0.7071	0.2588	25.11	-8.48	20.22	8	194.02	-47.96	41.86	204.19	343.78	
1591764448	1702040601725																				
1591764595	1602040116445	2	15	105	0.793335	0.38268	-0.99144	2	0.99144583	0.923879531	0.79332	30.147	5.817	-7.9315	4	119.55576	18.4589697	-25.16888	123.561	123.561	
1591764821	1702510331567	4	30	210	0.9659	0.7071	0.2588	2	0.9803	0.7092	0.2590	21.24	7.35	1.55	8	166.57	41.70	3.21	171.73	171.73	Stator üçgen bağlı olduğundan tüm harmoniklerin bileşkesi rms fazlararası gerilim de aynıdır.
1591764878	1702510106815	4	30	210	0.9659	0.7071	0.2588	2	0.9659	0.7071	0.2588	21.25	9.17	1.15	8	164.203	51.872	2.380	172.217	172.217	
1591764895	1702510467486	4	30	7	0.966	0.707	0.259	2	0.967	0.707	0.259	32.844	9.6152	1.554	8	254.081	54.384	3.22	260	260	
1591765067	1702510766139	4	30	210	0.9659	0.7071	0.2588	2	0.9659	0.7071	0.2588										İa=İb i/2 , İa=İb-i , İc=i İc=10i
1591765282	1602040183923	4	30	210	0.9659	0.7071	0.2588	2	0.96	0.86	0.70	27.05	6.78	1.55	8	207.744	46.64	8.68	213.09	360.13	
1591765416	1602040955445	4	30	210	0,9659	0,7071	0,2588	2	0,9659	0,7071	0,2588	36,70	8,49	2,07	8	283,59	48,03	4,29	287,67	287,67	
1591766074	1502511059041	4	30	7	0.9659	0.7071	0.2588	2	0.9659	0.7071	0.25	36.7	6.22	1.55		283.59	35.68	3.21	285.84	285.84	Virgülden sonraki rakamları yuvarlamamızı söyleyen maili geç aldım. Erms/iletken değerlerini virgülden sonra 4 basamak olarak aldım
1591766144	1502511059041	4	30	210	0.9659	0.7071	0.2588	2													
1591766257	1502511059041	4	30	210	0.9659	0.7071	0.2588	2	0.9659	0.7071	0.25	36.7	6.22	1.55	8	283.59	35.68	3.21	285.84	285.84	Virgülden sonraki rakamları yuvarlamamızı söyleyen maili geç aldım. Erms/iletken değerlerini virgülden sonra 4 basamak olarak aldım(formu 3. kez dolduruşum bunu dikkate alın)
1591766357	1702040161155	4	30	120	0.965	0.5	0.2588	2	0.9659	0.7071	0.2588	30.9088	10.182	2.0704	8						
1591767188	1502511066776	4	30	210	0.966	0.707	0.259	2													
1591767505	1502511059041	4	30	210	0.9659	0.7071	0.2588	2	0.9659	0.7071	0.2588	36.7	6.22	1.55	8	283.59	35.68	3.21	285.84	285.84	Erms/iletken değerlerini virgülden sonra 4 basamak aldım. Yuvarlayarak alma mailiniz o zaman ulaşmamıştı. Cevaplarımdan eminim. Eğer düşük gelirse kağıdımı kontrol edin lütfen.
1591767743	1602510661486	4	30	210	0,9659	0,7071	0,2588	2	0,608	0,366	0,130	20,672	4,684	1,04	8	100,54	13,714	1,081	21,221	35,850	
1591768388	1502040427433	2	8	56	0.4694	0.9945	0.6427	4	0.9878	0.8935	0.7198	15.0208	11.1384	3.8562	2.6666	39.5658	26.5384	7.4016	48.2133	48.2133	
1591768511	1502510196589	4	30	210	0.9659	0.7071	0.2588	2	0.966	0.7071	0.2588	25.1	9.05	2.07	8	193.97	51.2	4.18	200	200	
1591771629	1702040753210	4	25,71	5	0.900	-0,22	-0,624	2	0.905	0.734	0.418	1,2	0.7199	0.20	8	2.172	1.055	0.167	2.41	2.17	
1591775154	1702510494267	4	30	870	0.9659	0.7071	0.2588	2	0.2588	0.7071	0.2588	30.90	6.22	1.55	8	63.975	35.185	3.20	73.08	73.08	
1591776640	1702040475878	4	30	210	0,9659	0,7071	0,2588	2	0,9659	0,7071	0,2588	25,11	7,92	1,04	8	194,0,	44,80	2,15	199,15	199,15	
1591788626	1702510222845	4	30	150	0,966	0,707	0,258		0,966	0,707	0,259	32,84	9,61	1,55	8	253,79	54,35	3,21	259,56	259,56	
1591794219	160251089	4	30	7	0,9659	0,7071	0,2588	2	0,9659	0,7071	0,2588	34,7724	9,616	1,0352		268,69	54,395	2,143	274,149	274,149	üçgen olduğu için etkin gerilim aynıdır
1591803049	1602510676468	2	15	105	0.7933	0.3826	0.9914	4	0.9577	0.6533	0.2053	19.0392	5.2798	7.9312	8	145.8707	27.5943	13.0262	149.03	149.03	sargı uzanımı=7
1591803527	1602045012079	4	30	210	0.9659	0.7071	0.2588	2	0.9659	0.7071	0.2588	27.0452	8.4852	2.0704	2	52.2459	11.9997	1.0716	90.5115	90.5115	
1591808791	1602040502254	2	15	210	0.9659	0.7071	0.2588	4	0.9577	0.6533	0.2053	21.25	6.22	2.07	8	163.15	32.5	3.4	166.4		
1591809927	1702040459518	4	30	210	0.9659	0.7071	0.2588	2	0.9659	0.7071	0.2588	23.1816	6.2224	1.0352	8	179.1288	35.1988	2.1432	182.567	310.2823	
1591810054	1702040142592		30	180				2													
1591830414	1602045022022	4	15	105	0.793	0.382	0.991	2	0.992	0.90	0.793	25.376	12.224	31.712	8	201.384	88.013	201.180	279.951	493.083	
1591856041																					
1591883890																					
1591890144																					
1591909950																					
1606273361																					
