1591756659	1702510631988	1000	0.05	1273	6300		4.04	-0.15	4.04	-2.2	13906	2381.4	62332.2	61332.2	64853.2	0.94	99.5		0.126	-0.63	0.642	-78.69	4.166	-0.78	4.23	-10.60			0	
1591756804	1702510441375	1000	0.05	1520	6300		3.488	-0.116	3.49	-1.9060	10340.9	2381.4	55541.25	54541.25	68263.55	0.7989	99.5	548.15	0.126	-0.629	0.642	-78.69	3.614	-0.745	3.69	-11.648	6.391	0.979	-1	
1591756836	1702040051343	1000	0.05	1444	6300				3.94	-2.14	7265.04	2381.4	65889	1381.4	75536.16	0.018	99.43	13.88			6363	-78.69							0	
1591756975	1702040557118	1000	0,005	1387	6300				3,99	-2,18	9074,457	2381,4	66243,54	65243,54	77699,397	0,84	99,4	656,37	0,117	-0,02			3,937218635	-0,1480182988	3,94	-2,153	2,275	-0,55	1	
1591757048	1702040192321	1000	0.05	1273	2100				1.47	-2.39	1030.75	264600	8252.5	7252.5	273883.25	2.64	99.5	72.89	0.042	-0.21					1.52	-10.19	0.877	0.984	-1	
1591757056	1502511066776	1000	0.05	1311	3637.31				15.3	-14.6	159420	790	920670	919670	1080210	85.14	99.48	9247.79											0	
1591757141	1602040281783	1000	0.05	1368	6300		4.2	-0.17	4.2	-2.29	7038.36	2381.4	72400	71400	81800	0.873	99.5	717	0.125	0.63	0.64	78.7	4.33	0.46	4.35	6.06			0	
1591757151	1702040185471	1000	0.05	1311	6300		4.26	-0.17	4.27	-2.33	8752.8	2381.5	71710	70710	82845	0.85	99.48	710.80	0.126	-0.63	0.64	-78.6	4.386	-0.8	4.45	-10.33	7.70	0.98	-1	p=6
1591757163	7836	1000	0.05	1349	6300				3.88	-2.11	12284.4	793.8	60925	59925	74003	80.9	99.4	602.3			0.642474	-78.69			4.522	-80.8	7.832	0.159	-1	
1591757172	1502511091339	1000	0.05	1520	6300	0			1760	1.95	2.22																		0	
1591757285	1702510648377	1000	0.052	1367.3	6300	0	0.601	0.0217			318.55	2381.4	1486.54	486.54	4186.49	11.62	99.48	4.89	0.126	-1.26			0.707	-1.281	1.472	-60	2.54	0.5	-1	Bu soruda vaktimin çok olduğunu düşünüyordum ama sınav süresi düzeltildikten sonradan heyecana kapıldım ve korkunç bir  hata yaptığımı farkedemedim kontrol edicek zamanı bulamadım çünkü sınavı yetiştiremedim bittikten sonra 7-8 dk sonra anca yetiştirip atabildim . Hocam lütfen bir sonraki sınavda affınıza sığınarak lütfen biraz daha süre verin teşekkürler
1591757365	1702040237966	1000	0.05	1330	6300				4.214	-2.3			70719	69719					0.126	-0.63			4.40	10.32			7.62	0.98	-1	
1591757393	1502040115404	1000	0.05	1311	6300				4.41	-2.4093	6709.5945	2381.4	76489.3773	75489.377	85582.3718	0.882066	99.5	758.678			0.6424	-1.3734	4.7651	0.19081	4.7695	-2.2931	8.2610	0.99	-1	
1591757402	1302040279399	1000	0.05	1406	6300				4.13	-2.15	5884.63	2381.4	71946	70946	80266	0.883	99,43	713,52	0,13	-0.62			4.25	-0.77	4.31	-10	7.46	0.9936	-1	
1591757487	1702510729090	1000	0,05	1159	6300				20,82	-1143/100																			0	
1591757495	1702510088625	1000	6	1273	6300				0.83	-2.25	2382	2890.5	1	1890.5	5791.62	32	99.5	19	1165.5	630			0.82	-31.43	1340.81	-29.55			-1	
1591757599	1602041003098	1000	0.05	1140	6300		4.94	-0.23	4.94	-2.7	9737.04	2381.4	83460.3	82460	95578.74	0.863	99.												0	
1591757657	1602040514820	1200	0.67	32.5	6300		39.49	210			15756	793800		975900		1	31.66	882	63	2.1			57.43	15	57.43	0	1983		1	Güç frenkansı cos0(10.10) derece  r1 67 ohm r2* 66 ohm gc 20 bm 100 x1 = x2* 30 ohm
1591757683	1602510068615	1000	0,05	1463																									0	
1591757806	1602510445897	1000	0.05	241.84	6300		13.66		13.66		3200	2381	1000	1000	1000	0.74	99.5	1439	1.66	-11.78					61.17	-44.93	61.17	0.708	-1	
1591757811	1702040801336	1000	0.05	1311	6300				4.17	-2.275	10381.2	2381.4	68390.5	67391	81153	083	99.43	677.78	0.126	-0.63			4.286	-0.79			7.55	0.98	-1	
1591757824	1602510573982	1000	0.05	1.501	6300				24.18	-13.31	442.02	2381.4	2632.77	1632.77	5456.19	30	99.43	16.42											-1	
1591757839	 1702040589777	1000	0.05	1159	6300		4.69	-0.209	4.70	-2.56	11928.6	2381.4	80849.4	79849.4	95159.4	0.8391	99.43	803.07	0.125	-0.629	0.642	-78.69	4.815	-0.838	4.88	-9.87	8.452		0	
1591757912	1702510218196	1000	0.05	1178	6300		4.4	-0.2	4.4	-2.6	14810	2381	68418	67418	85609	0.79	99.5	677.6	0.126	-0.63			7.8	-1.4	7.9	-10.2	7.9	cos(10.2)	-1	
1591757916	0802510099737	1000	0.05	138	6300				23.9660	-13.19	14092	238140	9921	8921	24251	36.78	99.5	9970											0	
1591757929	1702510688370	950			6300																								0	
1591757948	1602510903721	1000	0.05	1.463	3637				2.11	-2	3432.56	793.666	19540.2	18540.2	23766.42	78	99.5	186.33	654.66	363.7					2,8	9	2.8	0.987	-1	
1591757951	1702040992650	1000	0.05	1216	6300		4.45	-0.19	4.45	-2.43	11703.28	7144.2	72239.52	71239.52	91087	0.7821	99.48	716.12	0.126	-0.63			4.576	-0.82	4.65	-10.16	8.05	0.9843	-1	P=6 kutupludur. Psür=1000W
1591757959	1702040325311	1000	0.05	1292	6300				4.305	-2.35	9451.84	2381.4	71834	70834	83667.24	0.846	99.5	711.89			0.642	-78.69	0.77	-4886	4.947	-81.04		0.1557	-1	
1591757959	1402510481865	1000	0.05	1.197	6300		4.47	-0.19	4.48	-2.44	12463.7	2381	72.07		14916														0	
1591757975	1602041003098	1000	0.05	1140	6300		4.94	-0.23	4.94	-2.7	9737.04	2381.4	83460.3	82460	95578.74	0.863	99.43	829.33	0.126	-0.63			5.0605	-0.3973	5.076	-4.48	8.792	0.997	-1	
1591757988	1702040356060	950	0,05	1140	6300		4,821	-0,22			3,164																		0	
1591757990	1702040084994																												0	
1591758057	1702510106815	1000	0.05	1159	6300				4.47	-2.44	14.865	2.381	69.473	68.473	86.719	0.78	99.5	688.1	1.26	-6.3		-	5.73	-6.4	8.58	-48.21	14.86	0.666	-1	
1591758066	1602510497668	1000	0.05	1532.3	6300	0	3.68	-2.01			10350	2380	62250	73980	74980	0.9867			0.126	0.630			3.81	0.5	3.84	7.48	6.65	0.99	1	NOT:sınavda kw olarak gönderdiğim değerleri burda watta çevirip öyle gönderdim.
1591758068	1702510629803	1000	0.05	1235	6300		2.65	-104.96	105	-88.55	9294.07	66.15	4084.76	3084.76	13444.98	22.94	99.48	31.00	1360.80	-189			1363.42	-293.37	1394.72	-12.16	2415.81	0.97	-1	
1591758127	1602510903721	1000	0.05	1.463	3637				2.11	-2	3432.56	793.666	19540.2	18540.2	23766.42	78	99.5	186.33	654.66	-363.7					2,8	9	2.8	0.987	-1	
1591758159	1702040653427	1000	0.05	1178	6300				60.17	85.60	2010	2382	1280	280	5672	0.049	99.5	2.81											0	
1591758173	1702040274588	1000	0.05	1444	6300		3.88	-0.14	3.89	-2.12	7898 	2381 	6555 	6455 	7583	85	99.5	0.65	126	-630	642	-78	129.88	-630.14	643	-78.35		0.201	-1	
1591758210	1702510611946	1000	0.05	1387	6300		3.74	-0.13	3.75	-2.05	12150	2381.4	58514	57514	73045.4	78.73	99.48	578.14	0.125	-0.629	0.642	-78.69	3.865	-0.759	3.93	-11.11	6.806	0.98	-1	
1591758225	1702510179560	1000	0.05	1520	6300		3.51	-0.117	3.52	-1.92	10073.4	2381.4	56500	55500	68954.8	80.4	99.5	557.79	0.126	-0.63			3.636	-0.74	3.71	-11.5	6.43	0.98	-1	
1591758233	1702040039697	1000	0.05	1311	6300		4.32	-0.18	4.32	-2.36	8230	2381	73400	72400	84011	0.8617	99.5	727.64	0.13	0.63	0.64	78.7	4.45	0.45	4.47	5.77	7.74	0.995	-1	
1591758238	1702040019081	1000	0.05	1501	6300		3.80	- 0.137	3.80	- 2.07	6758	2381.4	65023	64023	77162.4	0.83	99.5	643.45	0.126	- 0.63			3.926	- 0.767	4.00	- 11.05	6.93	0.9814	-1	
1591758277	1502041051828	1000	0.05	1444	6300				4	-2.18	6336	2381.4	69312	68312	78029.4	0.8755	99.5	686.553			0.72	-60.75			4.42	-10.17	7.66	0.984	-1	Ayrıca Primer Hat Akım Büyüklüğü derecesi -10.17
1591758285	1502040362376	1000	0.05	1349	6300				4.285	-2.34	6656.4	2381.4	74829	73829	83866.83	0.88	99.5	742	20	-0.08			24.28	-0.25	24.28	-0.6	24.28	0.825	-1	
1591758353	1502040133676		0,05	1216	2100		1,58	0,05	1,58	-1,73	831,3	26,46	5763,8	4763,8	6681,5	71,3	99,5	47,87	0,098	-0,21			1,68	-0,26	1,7	351,2	0,56	0,98	1	
1591758354	1702510539014	1000	0.05	1386	6300		3.77	-0.136	3.77	-2.06	11938.836	2381.4	59097.2382	58097.2382	73417.4742	79	99.5	583.89	0.126	-0.63			3.896	-0.769	3.971	-11.16	6.87	0.981	-1	
1591758364	1702040505068	6	0.05	1311	6300		4.20	-0.16	4.21	-2.30	9670	2380	69700	68700	81750	0.84	99.5	690.4	0.126	0.63	0.642	78.69	4.326	0.47	4.35	6.20	4.35	0.99	1	MEVLÜT KADİR YILDIRIM
1591758426																													0	
1591758460	1402510123562		0.05	1.387	6300				16.12	-4.81	168.38	75.30	164.31	163.31	411.99	0.39	99.5	1641	520	0.36					535.5	-0.41		0.999	-1	
1591758473	1702510554498	1000	0.05	1349	6300				3.86	-2.10																			0	
1591758490	1702510138479	1000	0,05	1159 	3637		2,58	0,11	2,58	-2,44	1935	2,1822*10^-4	23144,302	22144,302	25079,30	0,882													0	Hocam bu sorumun yarısını yetiştiremedim
1591758508	1702040103394	1000	0.05	1197	6300		4.67	-0.21	4.68	-2.56	9658.9	2381.4	78651.5	77651.5	90691.8	0.856	99.5	780.47	0.126	-0.63	0.6424	-78.69	4.796	-0.84	4.87	-9.93	4.87	0.985	1	
1591758544	1702510158680	1000	0,05	1140	6300				4,53	-2,47	5,13x10^3	3,69x10^3	70,18 x10^3	69,18x10^3	79x10^3	0,88	99,5	0,7			0,0046	-81,17	4,53	-0,19	4,53	-2,47	7,79	0,999	-1	
1591758545	1702510424087	1000	0.05	1311	3637.31		12.8	-2.8																					0	
1591758554	1502510169977	1000	0,05	1406	6300		27,28		27,28	-15,06	497,868	2381	3139	3138	3639	0,86	99,5	31,537	0,126	-0,63			24,466	-7,72					0	
1591758573	1402040715057	950	0.05	1520	6300	0			3.829	-2.5	5453.52	2181.400	66855.259	66755.259	74490	0.89	99.5	671											0	
1591758616	1602040376270	950	0.05	1178	6300				4.83	-2.64	8678.4	0.378	82440	81440	91496.4	0.89													0	nr<ns olduğu için P en fazla 6 olabilir. 
1591758655	1502510356515	1000	0.05	1178	6300		15.73	-2.41	15.92	-8.72	47141	2381.40	895680	894680	945202.4		99.5	8992	0.126	-0.63			15.856	-3.04	16.14	-4.52		0.996	-1	
1591758707	13025109559141	1000	0,05	1292	6300		4,193	-0,167	4,196	-2,280	10986,40	2381,4	68242,46	67242,46	81610,26	0,823	99,43	676,25	0,126	-0,63	0,642	-78,69	4,318	-0,796	4,390	-10,444	7,603	0,983	1	
1591758736	1702040261901	1000	0,05	19	6300	0			10,7451	-1787	57,844	6,92	6581,0589	5581,0589	64425		99,5	56											0	
1591758854	1702040317962	1000	0.05	1406	6300		3.98	-0.15	3.982	-2.17	8324.6	2381.4	66882	65882	77588	85	99.5	0.662			0.642	78.69	4.106	0.780	4.18	-10.75		0.98	-1	
1591758867	1702040496049	1000	0.05	1482	6300				3.77	-2	8101	2381.4	63190.6	62190.6	73670	0.844	99.48	0.6252	1.26	-6.3									0	
1591758924	170204077-4172																												0	Hocam sınav esnasında 3. soruyu tam yapmadığımdan pdf olarak göndermemiştim. Karşılaştıracağınız için o değerleri girmedim
1591758969	1402511001848	1000	0,05	1216	6300		4,407	-0,185	4,41	-2,40	12310	0,378	70946	69946	83634	0,83	99,5	703	126	-130	642	-78			643	-78,30	1114	0,202	-1	
1591758975	1602510556818	1000	0.05	1482	6300				3.635	-1.984	9910	2380	58750	57750	71040	0.813	99.43	580.83	0	0	0	0	0	0	0	0	6.635	0	0	
1591758986	1602510912254	1000	0.05	1330	6300		3.979	-0.151	3.982	-2.173	11.94	2381.4	63.267	62.267	2456.607	0.02535	99.433	626.22	126	-630			129.979	-630.151	643.417	-78.345	78.345	0.202	-1	
1591759003	1402040471294	6	0.05	1501	6300				3.87	-2.11	5481.5454		17426.61																0	
1591759025	1602510233568	1000	0.05	1330	6300		4.02	0.15	4.02	2.20	2834.1	2381.4	16040	15040	18874	79	99.5	0.15	0.126	-0.63			4.15	-0.48	4.18	-6.60	7.24	0.993	-1	
1591759044	1702040534081	1000	0.05	1.235	6300				4.																				0	
1591759058	1402511001848	1000	0,05	1216	6300		4,407	-0,185	4,41	-2,40	12310	378	70946	69946	83634	0,83	99,5	703	126	-130	642	-78			643	-78,30	1114	0,202	-1	Hocam sınav anında mikro siemensler benim bilğisayarımda  mili siemens olarak gözüktüğü için gc ile bm mili siemens alınarak çözüm yapıldı. İlğinize arz ederim
1591759113	1702510541130	1000	0.05	1387	6300		3.77	-0.135	3.77	-2.058	12024	2381	59139	58139	73544	0.79	99.48	584			-0.504		3.203	-0.765	3.3	-13.43	5.715	0.972	-1	
1591759126	1402510696003	1000	0,05	1311	6300	0	4,11	-0,10	4,12	-1,42	10744,22	0,378																	0	hocam bu 3.soru
1591759127	1602510208964		0.05	1216	6300				4.36	-2.38	12945	2381	69347	68347	84673	0.81	99.5	686.9			0.64	-78.69			4.54	-10.28		0.984	-1	
1591759137	1702510781105	1000	0.05	1444	6300		3.60	-0.123	3.60	-1.95	3294	2381400	56142.72	55142.72	2440836.72	22	99.5	554.1	1442.7	-630			1446.3	-630	1577.5	-23.53	2732.3		0	
1591759139	1702040692396	1000	0.05	1330	6300		4.1274	0.1625				2381.4					99.5												0	
1591759166																													0	
1591759178	1702510944990 	1000	0.05	1482	6300		3.51	-0.12	3.51	-1.92	11457.69	2381.4	54775.2	53775.2	68614.29	0.78	99.48	540.56	0.126	-0.63	0.64	-78.69	3.64	-0.75	3.71	-11.65	6.43	0.98	-1	
1591759179	1702510759521	1000	0.05	1349	6300		3.82	-0.139	3.82	-2.08	13001.82	2381.4	59055.44	58055.44	74438.66	0.78	99.48	583.58	0.126	-0.63	0.64	-78.69	3.946	-0.769	4.02	-11.02	6.96	0.9815	-1	
1591759187	1702040569313	1000	0.05	1463	6300		3.78	-0.137	3.79	-2.07	8402	2380	63040	62040	73820	0.8404	99.43	623.96	0.126	-0.63			3.906	-0.767	3.98	-11.11	6.89	0.981	-1	
1591759249	1702510803259	1000	0.05	1178	6300				4.28	-2.34	16101.87	0.378	64737.23	63737.23	80845.48														0	
1591759328	1702040534081	1000	0.05	1.235	6300				4.45	-2.43	10700	2400	73370	72370	86470	83.7	99.5	727.4	0.216	-0.63					8.04	10.16	8.04	0.984	-1	
1591759330	1502510716563	1000	0.05	1330	6300				4.495	-2.45	1414	793800	26872	25872	822086	0.31	99.5	2600											0	Sınav kağıdımda olan ve alıp kullandığım değerler : 50Hz 6300V 950devir/dakika üçgen bağlı, R1=153ohm R2'= 70ohm X1=X2'=30 ohm , Gc=20uS , Bm = 100uS, sürtünme kaybı 1000W. Bana özel verilen bu değerler ile hesap makinesinde tüm adımları göstererek gitmeye çalıştım. Lütfen son giriş yapmadan siz de kontrol edin hocam. Teşekkürler.
1591759357	1402510919173	1000	0,05	1292	6300				2,41	-2,28	3728,8	2381,4	22512,2	21512,2	28622,4	0,752	99,5	216,20			0,642	,78,69			2,63	-16,04		0,961	1	
1591759428	1602040531955	1000	0.05	1444	6300		3.96	-0.15	3.96	-2.16	6780	200	17150	16100	24000	0.670	99.5	0.1618											0	Güç değerlerini sınav kağıdımda KW cinsinden yazdım ancak bu formda W olarak istenmiş bende ona göre çevrimlerini yaptım.
1591759449	1402040895787	1000	0.05	1330	6300		4.356	-3.155	4.356	-0.0415	6546.28	2381.4	75709.2	74709.2	84636.8	0.8827	99.5	750.846	282.2	-630.6					692.8	-1.14			0	
1591759591	1702040621706	1000	0.05	1330	6300		4.14	-0.16	4.14	-2.26	9820.99	2381.4	68387.004	67387.004	80589.394	0.836	99.5	677.3	0.13	-6.29	6.301	-88.85	4.27	-6.45	7.74	-56.5	13.41	0.552	-1	
1591759593	3058	1000	0.05	1178	6300				4.43	-2.42	14130	12000	69350	68350	97480	70	995.5	687	0.126	-0.63			4.546	-0.81	4.617	-10.10	2.665	cos 10.10	-1	
1591759655	1702510308748	950	0.05	1368																									0	
1591759669	1702040251494	1000	0.05	1463	6300		3.85	-0.15	3.85	-2.10	2560	800	21680	20680	25040	0.82	99.5	209	604.78	630	873.306	46.17	608.63	629.85	875.86	45.98		0.695	1	
1591759708	1702510367836	1000	0.05	1349	6300				3.88	-2.11	12284.4	793.8	60925	59925	74003	80.9	99.4	602.3			0.642474	-78.69			4.522	-80.8	7.832		0	
1591759739	16025106391	1000	0,05	1,406	3637,3				15,09	-13,53		36700 	9605 	8605			99,5												0	Cevap kağıdında KW olarak almıştım.
1591759743	1702510705321	1000	0.05	1482	6300		3.528	-0.11	3.53	-1.92	11214.81	2381.4	55401.16	54401.16	68997.37	0.788	99.5	54.67	0.126	-0.63			3.654	-0.74	3.72	-11.44		0.98	-1	
1591759870	1602510362130	1000	0,05	1299	6300	0																							0	
1591759880	1702510059203	1000	0.05	124,7	6300	0	15,87	-2.45	16,06	-8,79	203500	238100	96480	95480	538000	17	99,5	959,5	115,92	-63			131,79	-65,45				0,89	-1	
1591759915	1602510639163	1000	0,05	1,406	3637,3				15,09	-13,53		36700	9605	8605			99,5												0	Cevap kağıdında kW olarak almıştım.
1591759923																													0	
1591759937	1702040049116	1000	0,05	1178	6300				4,77	-2,60	9624,47	2381,4	80408,74	79408,74	92414,61	85,92	99,48	798,23			642,474	-78,7			643,61	-78,28	1114,76	0,203	-1	
1591759975	1702510574155	1500	0.36666	127.821	6300				15.066	-8.25	12926	119.07	5777.25	4777.25	18822.32	0.2538	99.483	48.02	0.126	-0.63			15.036	-2.791	15.292	-10.51	26.4865	0.98322	-1	
1591760025	1702510692197	1000	0.05	1406	3637.30		2.13	-0.07	2.13	-2.02	4015.15	79379.70	19136.64	18136.64	102530.49	0.176	99.5	182.27	72.74	-363.73			74.87	-363.8	371.42	-78.37	129.67	0.20	-1	Hocam sınav kağıdımda I2' değerinin açısını -2.02 olarak almışım ancak hesaplanan değer -1.88 çıkıyor. Arada 0.14 hesaplama hatası var, lütfen mazur görünüz, eğer sorun teşkil ediyor ise de zaten gereğini yaparak puanımı kırabilirsiniz. Hatamı yinede size belirtmek istedim, iyi çalışmalar hocam.
1591760061	1702040077413	1000	0.05	1.159	6300	0	4.82	0.22	4.83	2.64	9938.11	2381.4	81118.41	80118.41	93437.9	0.8575	99.43	805.77	0.126	-0.63			4.96	-0.41	4.96	-0.0353	7.787	0.99	-1	
1591760124	1702510674365	1000	0,05	1235	6300		4,14	0,16	4,14	(-2,26)	14603	2381,4	63502	62502	80486,4	77,65	99,5	628	0,126	0,63	0,64	(-78,7)	4,25	0,78	4,33	(-10,5)	7,5	0,98	-1	
1591760166	1602510159613	1000		79	6300				36.2	-0.03	951.11k	2.38k	311.77k	639.34k	1265.26k		89.53	71.4											0	
1591760185	1402511012284	950	0.05	1330	6300				4.238	-2.31	13362.7	2381.4	66544.2	65544.2	82288.3	79.65	99.5	658.73	0.126	-0.63					4.571	-9.69	7.91	0.985	-1	
1591760244	1702040291911	1000	0.05	1292	6300				4.31	-2.35	9306	2400	72000	71000	83700	84.82	99.5	713.5	0.126	-0.63			4.426	-0.8			7.77	0.98	-1	
1591760270	1702040155291	1000	0.05	1482	6300		3.81	-0.139	3.82	-2.08	7267	2381	64800	63800	74500	85.6	99.5	642	0.127	-0.630	0.642	-78.6	3.94	-0.770	4.01	-11.0		0.982	-1	
1591760293	1702510095176	1000	0.05	1349	6300		3.92	-0.147	3.92	-2.13	11847	0.0093	62187	61187	73034	0.837	99.4	615.56	0.008	-0.4	0.04	-78.69	3.928	-147.4	147.45	-88.4	147.45	0.0279	-1	
1591760329	1602040677721	1000	0.05	1159	6300		4.874	0.22	4.88	-2.665	9287.6	2381.4	82802	81802	94471	0.86	99.5	822.13			0.642	-78.68	5	0.41	5.016	4.68	8.687	0.99	1	
1591760389	1702510015202	950	0.05	1235	6300				3.94	-2.15	11549.5	2381.4	57514	56514	71444	80	99.5	567.9			0.126	-0.63	4454	-0.77	4571	-9.69	7.91	0.985	-1	
1591760410	1502040765360	1000	0.05	1311	6300				4.374	-2.3876	7346.64	2381.4	75245.67	74245.67	84973.71	0.8737	99.48	746.34			0.6424	-1.3734	0	5.5677	5.5677	90	8.22	0.99	-1	
1591760458	1602510362130	1000	0.05	1299	6300		4.11	-0.16			11762.4	2381.4	65859.3	64859.3	80003.1	0.81	99.43	652.3	0.126	-0.63					4.30	-10.56	7.44	0.983	-1	
1591760507	160251021-9516	1000	0.05	1178	6300		4.48	-0.2	4.48	-2.45	13607.73	2381.4	70928.8	69928.8	86917.93	0.8	99.43	703.29	0.126	-0.63	0.65	-75.74			4.68	-10.21	8.106	0.98	-1	
1591760531	1702040505068	6	0.05	1311	6300		4.20	-0.16	4.21	-2.30	9670	2380	69700	68700	81750	0.84	99.5	690.4	0.126	0.63	0.642	78.69	4.326	0.47	4.35	6.20	4.35	0.99	1	
1591760576	1702040963929	1000	0.05	1216	6300		4.45	0.18	4.46	2.43	11696	2381	72564	71564	866410	0.825	99.5	719.2	12.5	62.37	63.63	78.6	16.95	62.19	65.15	-74.92	112.8	0.260	-1	I10 =	 12.5  +	j* 62.37  A	 ya da    	büyüklük	∠açı I10 =	 63.63 A	∠ 78.6 derece	  Primer akımı:    	reel   +	j*sanal I1 =	 16.95  +	j* 62.19  A	 ve    	büyüklük	∠açı I1 =	 65.15 A	∠ -74.92 
1591760757	1502040729028	1000	0.05	1330	6300		4.328	-0.178	4.332	-2.364	6924	2381	74877	73877	84182	0.87	99.48	742.63	0.125	-0.629			4.453	-0.807	4.525	-46.4	6.612	0.689	-1	STATOR ÜÇGEN BAĞLI OLDUĞU İÇİN I1 in REEL KISMINI KÖK 3 E BÖLDÜM
1591760811	1602040677721	1000	0.05	1159	6300		4.874	-0.22			9287.6	2381.4	82802	81802	94471	0.8658	99.5	822.13			0.642	-78.68	5	0.41	5.016	4.68	8.687	0.99	1	
1591760947	4595	1000	0.05	1368	6300		3.7675	-0.13536	3.771	-2.057	12883.71	2381.4	58360.68	57360.68	73625.79	0.779	99.5	576.48	504000		504000		504003.7675	-0.1353	504003.7675	-0.00001538	504003.7675	1	-1	
1591760953	1702510128561	1000	0.05	1159	6300		23.93	5.701	24.6	13.54	452054.52	2381.4	2104141.32	2103.141	2558.576	82	99.5	21.15	2.051	1.091					26.386	10.061	26.386	0.985	-1	
1591761027	1702040826673	1000	0.05	1311	6300		4.1628	0.1650			10413.83	2381.4	68262.67	67262.67	81057.9	0.8298	99.433	676.46	0.126	0.63			4.2888	0.795	4.3618	10.50	7.5548	0.983	-1	akımlar için sanal kısım ve açılar negatif olacak
1591761052	1702040722813	1000	0.05	1444	6300		3,78	-0.137	3.76	-2.086	8567.4	2381.4	61244	60244	71192.8	0.85	99.5	605.47	0.126	-0.63	0.64	-78.6	3.906	-0.767	3.97				0	
1591761075	1702040468211	1000	0.05	1216	6300		4.52	-0.20	4.53	-2.47	10650	2381.4	74860	73860	87891	84.03	99.48	742.5	125.91	-630.14	642.6	-78.7	130.43	-630.34	643.69	78.30	1115	0.202	-1	
1591761076	1502040729028	1000	0.05	1330	6300		4.328	-0.178	4.332	-2.364	6924	2381	74877	73877	84182	0.87	99.48	742.63	0.125	-0.629	0.642	-78.69	4.453	-0.807	4.525	-46.4	2.612	0.689	-1	STATOR ÜÇGEN BAĞLI OLDUĞU İÇİN I1 in REEL KISMINI KÖK 3 E BÖLDÜM
1591761237	1602510542281	1000	0.05	1197	6300		4.395	0.184			13.5824	2.3814	69.4791	68.4791	85.4429	80.1461	99.4333	688.694											0	
1591761326	1702040525355	1000	0.05	1349	6300				4.1	-2.23	555	22.68	1659	659	2236	0.29	99.5	6.62			7180	0			7184.1	-2.23	7184.1	0.99	-1	
1591761327	1702040414346	1000	0,052	1239,69	6300+j0		4,45	-0,189	4,45	-2,43	10336,905	2381,																	0	
1591761357	1702040963929	1000	0.05	1216	6300		4.45	0.18	4.46	2.43	11696	2381	72564	71564	86641	0.825	99.5	719.2	12.5	62.37	63.63	78.6	16.95	62.91	65.15	74.92	112.8	0.260	-1	Hocam burada cevaplar da I2', I10 , I1 akım değerlerinin sanal ve açı kısımlarını hepsinde eksi değer olarak buldum ancak kutulara özel karakter girmeyiniz sadece sayı giriniz dediğiniz için cevapları eksi işaretiyle yazmadım. Saygılarımla
1591761427	1702040049116	1000	0.05	1178	6300				4.77	-2.60	9624.47	2381.4	80408.74	79408.74	92414.61	85.92	99.48	798.23			642.474	-78.7	130.73	-630.19	643.61	-78.28	1114.76	0.203	-1	
1591761446	1702040246492	1000	0,05	1178	6300				1,6408	-69,6535	772,8168	2381,4	9514,3219	-1581,605	-7561,4525	0,21													0	
1591761536	1702510529091	1000	0.05	1159	6300		1427	60	1427	60	804	0.378																	0	hocam şehir dışında olduğumdan yanımda bu işlemleri yapabilecek bir hesap makinası yok o yüzden hesapları devam ettiremedim lütfen değerlendirirken biraz yardımcı olunuz
1591761625	1702510741554	1000	0.05	114	6300		15.181	60	61.89	75.8	55886	2381	21166	20660	79427	0.26	99.5	0.207	1.4175	-0.63			13.76	59.37	60.944	76.9	105.558	0.241	1	I2 de işlem hatası yapmışım hocam birde en sonda ucgen old için: giriş güç faktörünü de noktasız hesap edince ufak fark olmuş (kosinus)bilginize hocam...
1591761625	1702040703932	1000	0,05	1178	6300				4,61	-2,52	119220	23814	75105	75105	110841	0,669	95												0	P=6
1591761627	1702040414346	1000	0,052	1239,69	6300+j0		4,45	-0,189	4,45	-2,43	10336,905	2381,4	91299305,22	91298305,22	91312023,53	0,9998	99,48		0,126	-0,63	0,642	-78,69	4,648	-0,819	4,648	-10,14		0,984	-1	
1591761647	1702510189226	1000	0,05	1349	6300		3,90	-0,145	3,90	-2.13	4000	2381	61555	60555	67936	89,1	99,5	608	0,126	-0,630	0,643	-78.69	4,026	-0,485	4,1	-6.87	4,1	0,99	-1	
1591761814	1702510325670	1000	0,05	1406	6300		3,75	-0,13	3,75	-2,04	11433	2381	59315	58315	73130	0,79	99,48	586,2											0	
1591761858	1702510774950	1000	0.05	1387	6300	0			12	-10.14	13177	0.092	6071000	6070000	19247	0.25	99.4	540			0.032	-48			12.032	-48	12.032	0.67	-1	
1591761866	1702040099882	1000	0.05	1311	6300	0	4.3	-0.17	4.3	-2.26	8431	2381	72721	71721	83533	85		720.9	0.126	-0.63	0.64	-78.7	4.426	-0.8	4.5	-10.24	4.5	0.98	-1	
1591762011	1602040434992	1000	0.005	1.18	6300																								0	Kağıtta formülleri ve bilgileri koydum fakat hesap makinam kırıkkale'de kaldığı için fazör dönüşümü yapamadım hocam. Kağıdıma bakıldığında görülüyor. Saygılar
1591762041	1502510516231	1000	0.05	1292	6300				4.16	-2.27	11420	23810	67070	66070	102300	0.64	99.5	664											0	
1591762151	1602510454968																												0	
1591762365	1702040306465	1000	0.05	1.311	6300		31.62	10.53	33.33	-18.43	506000	2381	2950	1950	5837	0.33	99.48	19.60	0.126	0.63	0.64	-78.16							0	
1591762366	1702040155291	1000	0.05	1482	6300		3.81	-0.139	3.82	-2.08	7267	2381	64800	63800	74500	85.6	99.5	642	0.127	-0.630	0.642	-78.6	3.94	-0.770	4.01	-11.0		0.982	-1	Hocam sınav kağıdında belirtmeyi unutmuşum da primer hat akımı büyüklüğünü bulmak için I1 değerini kök 3 ile çarptığımda 6.94 hat akımı büyükülüğünü veriyor.Ama dediğiniz gibi yapıp kağıda yazmadığım için boş bırakıyorum.
1591762431	1602510542281	1000	0.05	1.197	6300				25.95		472728.555	23814	2418.19	68.4791	498960.745	80	99.43	688.694											0	
1591762637	1702040229798	1000	0.05	1.216	3637.3		20.094	-7.6	21.49	-20.76	218902	794	1684.7	684.7	221380	0.03	99.4	6.88	0.07	-0.36	0.37	-78.69	21.56	21.2	20.10	-7.8	20.10	0.99	-1	
1591762698	1702040402072	1000	0.05	1.178	6300		33.2	11.9	35.3	-0.34	17685.3	2381400	4403.6	2359400	5403.6	0.436	99.5	54.3	12.6	-63	64.2	-1.37	45.8	-74.9	87.8	-1.02	152.07	0.52	-1	
1591762699	1602041016503	1000	0.05	1482	6300		3.85	-0.141	3.85	-2.10	6759.06	2381.4	65900.84	64900.84	75041.3	0.8649	99.48	652.4	0.126	-0.63	0.64	-78.7	3.98	-0.77	4.05	-10.97		0.982	-1	Ih = 7.01 fakat sınav sırasında aceleden √3 ile çarpma işlemini yapmayı unuttum.
1591762704	1702040402072	1000	0.05	1.178	6300		33.2	11.9	35.3	-0.34	17685.3	2381400	4403.6	2359400	5403.6	0.436	99.5	54.3	12.6	-63	64.2	-1.37	45.8	-74.9	87.8	-1.02	152.07	0.52	-1	
1591762759	1602510646769	1000	0.05	1368	6300				3.898	-2.127	11259	2381	62357	61357	75997	0.8073	99.5	616.6			0.642	-78.7			4.1	-10.9	4.1	0.982	-1	
1591762799	1702510354108	1000	0.05	1501	6300		3.52	-0.11	3.53	-1.93	10429	2381	56111	55111	68920	0.7996	99.5	553	1.26	-6.3	6300	0	4.79	-6.41	8	-53.23	8√ 3	0.598	-1	
1591762879	1702040644931	1000	0.05	1235	6300		4.41	-0.18	4.42	-2.41	10956.3	2381400	72358.6	71358.6	2464714	0.02	99.4	717.89	126	-630			130.4	-630.18	643	-78		0.20	-1	
1591763115	1602510113503	5	5		6300				36.6		87.554	2.3	49630	48630	49719.85		99.43	488.08											1	Hocam kagitta bazi degerler yazili ama vakit yetmedigi icin sonucu bulumadim bu nedenle bazi kutular boş kaldi bilginize
1591763228	1702510269032	1000	0.05	1330	6300		3,93	-0.14	3.94	-2.15	12341.2	2381.4	61939.1	60939.1	76661.7	0.79	99.5	612.45	0.126	-0.63	0.642	-78.69	4.506	-0.77	4.571	-9.69	7.91	0.985	-1	
1591763235	1702510602911	1000	0.05	1273	6300		4.04	-0.15	4.05	-2.21	13827	2380	62641.1	61600	78700	0.78	99.48	619.21	0.126	-0.63	0.642	-78.69	4.16	-0.78	4.23	-10.61	7.32	0.98	-1	
1591763274	1602510113503	5	5	1235	6300		36.6		36.6		87.554	2.3	49630	48630	49719.85	0.05	99.43	488.08											1	Hocam kagitta bazi degerler yazili ama vakit yetmedigi icin sonucu bulumadim bu nedenle bazi kutular boş kaldi bilginize
1591763378																													0	
1591763414	1702510128561	1000	0.05	1159	6300		23.93	5.701	24.6	13.54	452054.52	2381.4	2104141.32	2103.141	2558.576	82	99.5	21.15	2.051	-1.091					26.386	10.061	26.386	0.985	-1	
1591763421	1702040173051	1000	0,05	1273			4,402	-2,403			2073,211	2381,4	74094,603	73094,603	78549,214	93	99,484	734,737	1,004	94,286			137,651	-51,892				0,686	1	
1591763450	1702510766139	1000	0.05	1159	6300		4.349	-0.180	4.350	-2.374	16346.88	2381400000	657784	64784	2381481872	0.272	99.484	0.651	6320	-100	6320.791	-0.907	6324.35	-180.180	6326.91	-1.632	10958.530	0.999	-1	P=6 alırız
1591763588	1702510349396	1000	0.50	1425	6300		3.7037	-0.1306	3.706	-2.02	7747.26	2381400	40291.4	39.30	2791438.66	0.14	99.48	395	1.2536	-0.62996	1.40301000	-26.68							0	
1591763640	1702040444524	1000	0,05	1501	6300				3,732	-2,037	7771,72	2381,4	62717	61717	72873,12	0,45	99,5	620,27			0,642	-78,7			3,93	11,93	2,27	0,978	1	
1591763704	1702040541236	1000	0.05	1216	6300		4.49	-0.19	4.50	-2.46	10935	2381.40	73872	72872	87.188	0.835	99.48	732.5	132	-622	636.3	-78	136.49	-622.19	623	-86	623	0.069	-1	
1591763881	1702040139664	1000	0,05	1046																									0	
1591764249	1702040601725	1000	0.05	1235	2400		1.69	0.07	1.69	2.42	1585.13	345.6	10581.85	9581.85	12512.58	76			0.048	-24			1.738	-2.33	2.9	-53.28	5.023	0.708	-1	
1591764590	1702040489061	1000	0.05	114	2100				6.88	-11.34	26270	2640	16188	15188	45098	0.33	99.5	152											0	
1591764705	1402040471294	6	0.05	1501	6300				3.87	-2.11	5481.5454		17426.61																0	
1591764722	1702510106815	1000	0.05	1159	6300				4.47	-2.44	14865	2381	69473	68473	86719	0.78	99.5	688.1	1.26	-6.3			5.73	-6.4	8.58	-48.21	14.86	0.666	-1	
1591765049	1602040116445	1000	0.05	1216	6300				4.94	-2.69	2977388		29674776																0	
1591765655	1702510467486	1000	0.05	1197	6300				4.300	-2.34	14810	65400	66400	65400	83600	0.78	99.5	657	0.126	-0.126					4.266	-4.06		0.997	-1	
1591766111	1702510467486	1000	0.05	1197	6300				4.300	-2.34	14810	2380	66400	65400	83600	0.78	99.5	657	0.126	-0.126			4.255	0.302	4.266	-4.06	7.389	0.997	-1	
1591766308	1602040183923	1000	0.05	1501	6300		3.8374	-0.14	3.84	-2.1	6104.67	2381.4	66399.43	65399.43	74885.5	0.87	99.5	657.28	371.7	-0.63	371.7	-0.097	375.53	-0.77	375.53	-0.117	216.812	0.999	-1	
1591766554	1702510331567	1000	0.05	1500	6300				11	1.71	9141	2381	544500	543500	556022	0.97	99.5	5691											0	Üzülerek belirtmek istiyorum ki, son kısımdaki denklemleri yetiştiremedim süre artışından nottan kırılacağını belirttiğiniz için. yoksa yapabileceğime inanıyordum. İyi Akşamlar,İyi çalışmalar Hocam.
1591766821	1602040955445	1000	0,05	1311	6300		4,31	-0,38	4,33	-4,73	7874,5	2381,4	17029,9	16029,9	27285,8	59	99,48	274,28	125,85	629,83	642,48	78,7	130,18	629,69	643	78,32	371,24	0,202	-1	stator üçgen bağlı olduğu için I1 akımını kök 3 e bölerek hat akımını buluruz.
1591767219	1502511059041	1000	0.05	1235	6300				4.32	-2.36	12429	2381	69144	68144	83954	0.8117	100	681.44	0.126	-0.63					4.52	-10.31	7.83	0.984	-1	Cevaplarımdan eminim. Eğer düşük gelirse kağıdımı kontrol edin lütfen.
1591767665	1702040346326	1000	0.05	1444	6300				3.88	-2.12	8084.2	2381.4	65215	64215	75680.6	0.84	99.5	645.38	129.88	-630			128.10	-621.32	634.39	281.65		0.202	1	I1=I2+I10 , I1 aynı zamanda 360 derece tam turdan dolayı 634.39 <78.35 dereceye eşit oluyor, nr<ns , verim %84
1591768905	1602510661486	1000	0,05	1197	6300				4.414		13,3854	2,3814	69,9664	68,966	85,7331	80,44	99,433	693,594											0	
1591769000	1702040161155	1000	0.05	1425																									0	
1591769806	1702040753210	1000	0,05	1,46	220		0,131	-0,00177	0,131	-0,76	10,287	2,38	0,073	0,073	6,53	0,0012	99,48	0,733	0,004	0,022	0,022	-78,69	0,13	-001,77	0,138	-9,89	0,239	0,985	-1	
1591770280	1302510972382	1000	0.05	1520	2100				1.20	-1.97	959	264.6	6566	5860	7789	0.75	99.5	59			0.36	-35			1.22	-5.63		5.63	1	
1591771108	1602040963790	1000	0.05	1920	6300				3.53	2.02	5084.0472	2381400	71774.784	70740	2458258	0.287	99.48	0.711											0	
1591776413	1702510494267	1000	0.05	1368	6300		3.83	0	3.83	0																			0	
1591777818	1702040475878	1000	0,05	1216	6300				4,53	-2,47	1067,1	2381,4	74,86	73,86	78,31	0,9432	9935	742,31			0,64	-78,69			5,17	81,16			0	
1591779266	1602040875390	1000	0,05	1349	6300				4,225	2,56	7550,8	8334,9	72241,48	71241,48	88127,18	0,80	99,5	716					4,22	-0,17					0	
1591789444	1702510222845	1000	0,05	1311	6300		4	-0,152	4	-2,18	12624	2381,4	62928	61928	77933	0,7946	99,43	622,83	0,126	-0,63			4,126	-0,782	4,2	-10,73	7,275	0,982	-1	
1591794650	1602040514820	1200	0.67	32.5	6300		39.49	210			15756	793800		975900		1	31.66	882	63	2.1			57.43	15	57.43	0	1983		1	Güç frenkansı cos0(10.10) derece  r1 67 ohm r2* 66 ohm gc 20 bm 100 x1 = x2* 30 ohm
1591794791	160251089	1000	0,05	1178	6300		4,431	-0,187	4,435	-2,42	14220,84	2381,4	69511,04	68511,04	86113,28	0,7955	99,48	688,55			0,642	78,69			4,57	5,549	7,915	0,995	-1	
1591803606	1602510676468	1000	0.05	1235	6300				4.26	-2.32	13170	119070	67230																0	
1591804515	1602045012079	1000	0.05	1330	6300		4.26	-0.17	4.26	-2.32	7894.206	2381.4	72408.924	71408.924	82684.53	86.36	99.50	717.67											0	
1591809063	1602040502254	1000	0.05	1273	6300		0.709	0.03	0.71	-2.44	0.201	2381	1.925	-8	2383	0.33													0	
1591810071	1702040142592	1000	0.05	1463	3637		134.1241549	90	2.23	-2.11	2.44	47.6	21.8	21.8	71.84	0,303	99.5	0.219											0	
1591812474	1702040459518	6.31	0.05	1368	6300		4.05	0.15	4.06	2.22	8901	238.14	67648	75780	76780	0.98	99.48	761.76	0.126	0.630	0.6426	78.69	4.176	0.78	4.2482	10.58	10.58	0.98	-1	üçgen bağlı old için Ih=(3^1/2) * I faz  yani Ih = (3^1/2)*4.2482 = 7.163 A olur. NOT : Hocam kutucukların içine özel karakter yazmayınız dediğiniz için "eksi (-) " işaretini koymadım. I2 ,I1 ve I10 akımlarının sanal kısımları negatiftir!
1591816282	1702040459518	6.31	0.05	1368	6300		4.05	-0.15	4.06	-2.22	8901	238.14	67648	75780	76780		99.48	761.76	0.126	-0.63	0.6426	-78.69	4.176	-0.78	4.2482	-10.58	10.58	0.98	-1	üçgen bağlı old için Ih=(3^1/2) * I faz  yani Ih = (3^1/2)*4.2482 = 7.163 A olur. NOT : Hocam ilk gönderdiğimde " eksileri(-) koymamıştım bunda eksileri koydum tekrar gönderiyorum.
1591825986	1302510099942	950	0.05	1444	6300				3.79	2.07	9176	23814	62225.28	61225.28	95218.28	0.6429	99.5	615.32											0	İ10 işlemleri sınav kağıdı üzerinde yapıldı. 
1591831201	1602045022022	1000	0.05														99.483												0	
1591856041																													0	
1591883890																													0	
1591890144																													0	
1591909950																													0	
